0,890.4211262185389,543.1140750999999,840.7393245434492
1,805.2596385149131,541.2340032,839.2796410827041
2,712.57720249226,536.4179184999999,844.1606181130179
3,638.1492900000001,577.9679249999999,889.5585125
4,624.4093215600001,602.6786862599998,874.2401502499999
5,613.00012236,522.7279054999999,862.06099855
6,619.95297372,431.50301274,839.80262765
7,655.0,347.0,858.5
8,720.845,343.46999999999997,843.105
9,746.1125000000001,360.354,872.6655000000001
10,777.547,440.43699999999995,845.9155
11,821.9735000000001,516.792,825.2535
12,876.0,556.125,798.0
13,919.0,571.5625,816.0
14,962.0,587.0,834.0
15,1011.0,589.0,838.0
16,1060.0,609.0,828.0
17,1070.5,665.0,820.0
18,1075.75,664.0,815.0
19,1078.375,735.0,858.0
20,1073.5304700000002,797.5851549999999,835.1994000000001
21,1025.675849,826.3871721,839.0826389333333
22,945.1534386000001,851.5951729000001,848.7086760000001
23,883.9145738000001,920.7521721,853.6237157333335
24,866.0,985.0,867.0
25,864.0,1032.0,894.5
26,843.0,1032.0,888.0
27,767.99,1028.7975,903.125
28,767.88,1059.835,908.9399999999999
29,724.25,983.0325,924.995
30,674.5,934.375,918.5
31,636.0,906.25,908.0
32,636.0,850.0,913.0
33,573.0,847.0,922.0
34,496.0,851.0,920.0
35,476.75,819.5,918.5
36,457.5,788.0,917.0
37,419.0,763.0,920.0
38,406.9,712.05,932.2
39,395.2,694.5,980.225
40,354.7,676.95,903.85
41,355.1636,604.6002149999999,925.4181649999999
42,419.097397745,601.55142174375,882.83410894625
43,498.22701493999995,626.4321234849999,858.9629215150001
44,583.004642375,671.0697237862498,856.0503555237499
45,639.497897556,613.0300751525999,873.2842976282
46,650.7832975952001,532.6672629100001,884.0345013043999
47,656.2100872536,443.3932340274,907.292104763
48,735.3811595068751,402.0474741275,924.6557838683334
49,753.0265142139438,408.802591576775,912.08694119235
50,835.6932542441125,388.43274985445,894.0607226606334
51,882.3485967379406,418.7801805592625,897.281550047925
52,902.2229376655326,505.6470193544056,895.0048107600413
53,921.2015523301476,584.8743271645279,892.054035197204
54,934.3428882253238,673.220440183895,913.36377529683
55,998.0,704.0,917.0
56,1008.5,715.0,918.0
57,1013.75,760.0,918.0
58,1021.7,796.2,974.45
59,963.46129475,825.9462015,949.296006875
60,874.7499320000001,820.188632,954.4001553333334
61,838.18884125,738.3765345,934.7453491250001
62,805.9888635,703.2849945,969.5539125
63,788.3888124948,795.3268694996,980.9253581475999
64,775.8281666686701,879.9312482858899,984.1249772333699
65,745.7754804372601,970.7470979184201,980.97100213306
66,691.95062071627,1025.47749490459,961.13042726367
67,634.251076324515,973.988919300255,930.4632562313151
68,608.848253125,886.7549724999999,928.3702809000001
69,587.7971875000001,972.95739,932.79727
70,532.3623225,983.8101125,964.3369
71,510.98228195,906.8093827499999,979.0877636
72,494.40789555,817.43347775,987.126646
73,461.97728195,731.16363675,972.4681843999999
74,444.0,677.0,972.0
75,374.0,643.0,979.0
76,383.0,622.0,989.5
77,395.0509,556.5442999999999,1000.7848166666668
78,489.59491,538.41317,995.1357716666668
79,567.3857825,500.18298500000003,993.465145
80,652.9293537235001,461.43357780625,962.253776787875
81,654.4692231602078,447.62361359947096,962.4833544563664
82,570.3748674002417,433.4308579842269,952.8494373667195
83,606.7876971844737,474.32538525367863,942.9227302423777
84,686.0371495093337,510.8166347552422,944.1478761076108
85,776.2185495270254,524.06763322316,947.3858117902824
86,867.927691052538,504.8376841425254,951.9447201830727
87,934.6505583850649,567.7475715471763,950.7031741452183
88,989.375,641.0,983.0
89,1001.1875,699.0,987.0
90,1007.09375,727.0,1024.5
91,1013.0,755.0,1062.0
92,1021.0,783.0,1015.0
93,1021.8396691575,830.7255754175,976.42961066775
94,997.912314749125,864.475004572125,993.0408037385125
95,914.27624352675,877.85781968075,1012.397908865475
96,832.2246300337499,878.7203840037499,1013.107305407375
97,804.61019775,796.0258277500001,997.876262175
98,757.0,714.0,1000.5
99,728.0,703.0,1001.0
100,664.0,748.0,989.0
101,595.6,800.9,1035.85
102,557.0591,780.18735,1039.19725
103,534.0735399999999,875.5348242,1043.4290819999999
104,521.67533068,879.4609824700001,1024.8990467
105,511.10321223999995,793.2021882600001,1036.9726386
106,500.85018599999995,697.3947432,1046.860547
107,568.9028704,643.2926322,1066.266852
108,595.6567000000001,601.261,1077.4265
109,530.7323379999999,565.3444443999999,1063.2331867999999
110,605.9421588,540.780356,1073.5359233333331
111,674.7547444,493.6872436,1117.0734332
112,690.0,446.5,1101.0
113,721.75,432.25,1101.5
114,785.7738621250002,433.4573048499999,1108.5025321583332
115,814.3327888000001,468.1466527999999,1113.9174064000001
116,840.0605602750001,559.2493895499998,1117.8293217083333
117,920.1227200000001,598.9911850000001,1086.6614383333335
118,918.4294400000001,548.08936,1076.7340000000002
119,939.0184,633.830095,1069.5372283333336
120,986.015,692.795,1065.62625
121,993.77,677.0,1066.5625
122,899.52178875,666.7100465000001,1073.13359996
123,835.4627843124999,717.4488911750001,1087.4507258920003
124,887.402128875,787.2825546500001,1095.423472496
125,946.138880125,860.9938087249999,1102.6303227224998
126,971.927331,946.8015435500001,1100.6365275649998
127,907.0100815128126,970.1662606780625,1103.3305767224688
128,809.9109080112031,955.6222969384156,1119.961168791817
129,730.0993778075539,899.9442513433095,1128.8958250343167
130,678.03094120538,834.9433696772904,1137.0839679354356
131,600.9682834632874,785.2825772491175,1154.7468021741213
132,568.0,776.0,1131.0
133,520.0,752.0,1123.0
134,503.0,740.0,1132.0
135,431.0,728.0,1125.0
136,434.0,686.0,1101.0
137,472.2389375,633.5355800000001,1124.5343225
138,484.90021883750006,599.32717085,1108.6358680625
139,557.5866970312501,574.292187625,1123.20445071875
140,634.884651725,539.6653423999999,1151.009904875
141,729.3933724999999,499.52558,1164.0443675
142,741.0,465.0,1170.0
143,784.0,499.0,1183.0
144,826.0,516.0,1237.0
145,859.713975,514.8155644999999,1220.1015894999998
146,873.0,520.0575839999999,1216.072864
147,886.286025,612.0692674999999,1205.7526825
148,837.0548015,618.290037,1196.99262
149,815.0,622.3488319999999,1202.3785599999999
150,792.9451985,715.012299,1218.2502599999998
151,743.005232946125,689.2249807101249,1243.8820855139581
152,720.0670779776738,732.9843754395138,1243.2207509962018
153,694.5398829839152,813.1850514398351,1245.0247041889083
154,664.5607631939963,905.1124039163162,1249.8841024568146
155,637.8273575,818.4492174999999,1256.9278208333333
156,597.0,758.0,1241.0
157,578.0,743.0,1212.5
158,532.5,763.0,1159.0
159,509.75,737.75,1158.5
160,487.0,712.5,1158.0
161,505.0,687.25,1177.0
162,465.84647794999995,641.4052601875001,1185.3442173166668
163,518.7807903949999,613.08490308125,1205.0356023483334
164,601.73115716,587.181815275,1238.9572142866666
165,544.2256186750001,555.27389246875,1219.35652135
166,632.03454675,520.7113334375,1226.839321
167,617.8733456989515,481.0139252582875,1215.9927130562562
168,706.8633998098445,487.59025981879375,1229.9029220349032
169,782.0250636715803,550.5570381079815,1232.6952139915172
170,844.7886247511648,603.4866501940812,1229.8315624395177
171,892.4357083662694,528.9328821373011,1222.4084685803714
172,932.9350565409615,553.5101865882095,1244.3338235798585
173,940.4407416163002,633.9328879196817,1276.6006919512652
174,945.9228902046034,732.7661650985201,1285.9106656605554
175,920.6732242212622,791.9216002359142,1281.4539644472018
176,828.3100506043099,815.6011811520789,1284.4619666543194
177,810.9353782750001,882.3707616500001,1327.7013858
178,878.6908702000001,909.9777492000001,1316.7936150666667
179,802.242381325,937.55073995,1322.4237174
180,717.0,933.0,1342.5
181,663.6315,961.2604999999999,1335.9485
182,646.5,870.5,1338.5
183,629.3685,779.7395000000001,1341.0515
184,592.0,740.0,1306.3333333333335
185,550.5,726.5,1308.6666666666667
186,505.22955,689.19349,1313.11465
187,552.57608148,650.92713196,1307.09385196
188,633.4066746000001,629.98352316,1295.6424094000001
189,711.9303493200001,583.58316172,1295.12098924
190,710.0,525.0,1327.0
191,744.0,481.0,1343.75
192,764.455,456.15000000000003,1353.529375
193,794.8479549999998,503.62113,1351.435508125
194,834.8934684999999,583.944087,1332.6717326875
195,874.6289455624999,511.494082,1312.3109600625
196,907.8836888651,602.4465696986,1307.9542119764126
197,877.0533611144913,664.51692005726,1302.7707504582977
198,806.5452895797425,718.05992979608,1293.1271861069424
199,741.2694716630625,787.6652723085999,1293.224949172525
200,725.3277799133,868.2029171375999,1327.237127045
201,720.5182538040374,900.6553292962,1373.150288678875
202,709.8120657946686,822.0529579608999,1371.3270265099377
203,673.2428505,740.126074,1337.0356285
204,635.0,680.5,1389.0
205,670.189572331425,650.2401728910984,1385.3767375672667
206,711.92053928715,643.1588542365532,1356.7384712654666
207,624.541115929275,636.0847730086078,1348.0923542884666
208,620.6529662442937,619.7542293524504,1309.9702800911502
209,699.586917084815,601.078210928774,1299.940794011747
210,776.8609741435763,554.6948119176577,1304.52847655869
211,818.0,550.0,1341.0
212,825.9948787614986,567.9301510429384,1366.6496817509146
213,769.6295198833574,587.974351148264,1366.4959658810303
214,834.9044700773376,642.2756470961267,1379.8451081419782
215,884.0726386660117,717.1314735251595,1389.932101704901
216,881.7119405805072,808.33027937081,1400.0888518248137
217,838.1103750987334,876.7468116713604,1410.2579829542308
218,756.8861252071948,923.3199787237234,1424.7822439327201
219,686.6435344137875,925.1901398716319,1433.697365662056
220,659.092655091,836.355336014375,1427.8031944174375
221,590.0,795.0,1436.0
222,624.0,823.0,1409.0
223,576.6853039629884,811.4664996211197,1338.1434764771366
224,596.8676528071745,732.8987396146283,1331.16854734303
225,632.5068997079801,655.4405036402613,1343.5709069675659
226,679.2846728698988,580.7625593760641,1368.2953554699527
227,736.9525020023383,520.152233190806,1408.4433336036786
228,804.542167545491,488.5472466620485,1457.7105906281358
229,842.8937192122,533.1693252517812,1466.7563414707874
230,869.0830926331,610.5673274318749,1474.53650720755
231,902.5851259516,699.3778669719687,1485.2105368291125
232,917.29888254964,643.45991228022,1406.28366148076
233,860.8626117994622,675.7355816876325,1395.6201953500688
234,801.7898738982797,748.2354852619649,1408.1545458988785
235,752.9581102625921,821.718281736336,1424.375782848728
236,715.638823114372,901.058156816278,1445.813399992368
237,689.0,817.5,1476.0
238,651.0,766.25,1489.0
239,601.0,715.0,1454.0
240,567.0,680.0,1444.0
241,533.0,646.0,1460.5
242,534.4099729999999,590.8127635,1488.4200903333333
243,585.0775715799999,567.95549593,1502.48009154
244,666.21850694,551.49577633,1519.7265945933334
245,754.99711654,523.76724841,1535.36839194
246,806.6003424999999,512.147,1537.1528675
247,833.84461717,569.37877472,1542.41177387
248,857.93629027,651.5898056,1550.2652053699999
249,880.6349572900001,744.0791340799999,1557.3897203899999
